5000
5590
8269
3325
470
9781
4
12223
2119
4746
6547
7555
13088
7374
733
6856
5358
6872
4415
1972
5305
4358
1214
14326
7969
8403
13694
947
7221
7585
12329
3457
14398
10861
6083
7701
8393
13534
6981
4188
3198
1470
10243
1483
8621
5241
5938
468
5218
2407
12832
11690
1478
552
9824
294
8785
12126
6781
11194
2565
4643
14764
7890
4219
2313
6976
10980
4423
14132
3559
10959
8939
10241
5240
9511
12937
13346
7277
10515
12245
6713
3994
13591
7757
7529
14458
12349
612
1266
9035
220
3064
12230
13840
5269
11005
11258
9163
6985
14065
14214
8511
4943
173
2754
5011
12194
7452
12891
2344
6256
9034
12186
8650
14933
7348
5910
3791
13169
9352
10359
2331
9863
1313
4688
8645
8647
8387
2146
2696
12795
905
4533
13001
12764
424
12231
5330
14779
11231
2536
7779
9733
2744
763
1650
1039
8718
10817
3453
13204
13103
13500
5867
12729
715
14004
13472
10794
1731
14210
7413
14162
6963
11610
4792
8837
3534
1674
12423
4684
5239
2409
2668
1434
530
14777
4518
6727
2829
4697
3443
86
7338
4744
11368
696
12513
3340
1161
5891
12493
10902
4300
2713
10683
7060
9972
6354
7300
10996
1904
3617
10479
11411
11219
10877
9329
7285
2204
12810
14154
2085
5929
7816
5258
8656
4535
14104
1331
14103
14844
1656
13021
14421
1830
3911
13428
11055
1661
5072
8935
996
9954
5779
11741
10320
3070
9009
1937
452
10355
6185
8549
65
13017
6327
7176
2257
4207
14343
10869
14316
14858
3927
10752
8336
7668
5516
7003
2169
13388
12633
134
11357
9527
9149
9992
6685
11416
7564
12890
4810
888
7869
14438
6540
5903
5069
5908
8882
12595
6768
13829
13005
14772
10592
7637
4343
1695
11586
3219
2890
11117
1457
7164
11792
8394
14575
13546
7562
13616
14491
5712
2640
8299
3729
3533
6496
10926
6007
11198
6134
5213
14028
3197
3405
1686
4626
7107
13622
10090
5344
3414
2821
12746
10490
6726
7645
1071
7679
14045
10767
6014
7744
6238
3339
3708
14303
3625
7201
2921
1425
5912
6564
6798
1767
5027
3785
11576
6762
14389
4985
7963
6409
12465
7113
12084
8377
12981
12592
3630
7739
13985
5875
5049
8622
13376
6129
13506
8001
8424
673
3155
12183
6692
255
3966
6153
3492
8489
13447
13974
8345
14439
5812
6030
2787
1847
10152
553
143
7511
6484
14539
11250
12288
7185
1261
14338
7921
11614
7250
4295
4078
12216
7476
14890
158
911
14348
11669
10504
4727
1226
9212
12912
6589
8443
3084
14920
5825
4738
13116
12306
3494
7398
4832
9673
3682
11892
12277
8034
708
10272
4055
7313
3158
9241
12444
3694
41
7227
4380
10905
1788
11039
969
5858
2383
14702
932
2839
12793
794
9470
6758
2886
5647
10721
8138
862
13324
4372
5110
10696
231
2461
3385
2547
12152
10766
2475
12153
5776
14603
8695
5992
9581
14837
6294
3342
3356
12924
1932
10555
14067
3782
2793
2865
1736
10659
10644
14897
9375
8464
7332
13935
2694
12714
3146
6260
6100
10485
1469
7902
2903
13570
14168
12654
7444
6324
10945
8897
9211
14716
10470
14822
5552
9209
8021
1437
2543
4872
14917
8260
2912
9680
1732
12619
10675
3963
12557
8432
10872
14485
2051
6676
5823
12805
10912
12913
852
5728
13013
3386
11418
4568
1726
14592
3301
12125
503
8058
6211
8826
9503
4140
6140
13262
111
2478
4368
3764
11111
11665
11531
14863
6532
12847
7839
2931
198
13083
1545
6340
6854
5105
14492
14302
13027
14148
2643
6458
3052
10778
10231
2727
5174
1987
637
9391
8513
7026
5521
10011
7524
5713
8340
9501
9841
10372
10582
8267
5382
3469
14016
10619
14443
10978
13834
2127
1986
3696
4998
5203
10392
2201
2810
1881
12372
7953
3876
6642
2333
6646
11298
9825
4601
7541
4808
8238
1283
7261
12050
14254
14198
5748
3517
14465
7544
4544
9244
1870
12499
8134
13141
5316
6105
14625
5798
6949
3766
8682
14790
6338
11279
9588
10665
7829
7581
4771
2194
6780
11330
3635
14046
9382
10313
7900
7245
13051
11925
11622
12531
3283
14885
5976
6829
10144
14342
14926
6846
6416
13598
3252
12792
5132
5502
8061
7940
4263
7129
1796
2414
4389
2849
14090
1171
3739
8734
6453
7351
749
2129
5759
13837
8217
6257
1414
12073
2615
8735
7670
12018
13791
398
5760
14289
6530
12196
12787
13098
595
12026
13408
8149
2006
8677
11274
14812
3238
9985
5091
3409
2759
1416
12104
11228
14382
3066
2330
11564
5901
7735
13301
330
13556
9753
9371
4419
2374
2208
9919
1999
2304
11621
1496
7406
9687
2720
6225
13678
5395
11668
14277
10423
14136
8631
4865
12443
9106
5163
14925
13600
1719
6098
11903
6979
10525
7707
2807
13055
11444
4019
13744
4058
1526
2037
5727
5993
10228
12455
10377
6208
3154
2511
1558
676
4631
534
4671
2674
10233
2316
12157
7991
1055
6044
10254
14905
14199
14879
10480
12243
6574
3986
12251
7910
12415
6984
8025
4968
12558
4158
12381
3108
420
13319
5074
3445
994
10840
10247
6011
9656
6900
4826
13892
5674
808
1209
8179
1684
7610
8608
10710
4476
3639
12059
3549
3563
12011
350
8199
6234
11834
8943
1964
11876
12397
7730
14242
12353
12348
8878
6608
14431
13114
6301
6158
5567
2493
8470
7162
955
3284
12526
4596
12393
1839
1613
341
3774
6710
11608
4305
3929
6809
6800
125
11333
5096
3408
281
3544
13818
11468
4505
4513
6708
5415
1760
14060
1509
10895
1521
8654
14828
11623
8011
10808
2089
10
5619
12327
8796
6322
3506
7063
1048
5263
13780
5396
14287
11248
7784
10986
2585
7706
10465
2595
9081
12213
7161
13684
13350
12577
1787
448
13117
12527
3407
7218
565
8983
9774
9025
12495
6860
14029
8776
6634
840
6526
10091
8202
920
11318
12518
5341
4731
261
49
8130
7316
10178
8313
12972
11334
60
10193
2368
11255
7946
5250
9400
13273
4760
2500
7770
9039
4609
2272
7774
4616
4841
4173
9308
7464
11649
14331
11046
8215
14834
2270
6617
5345
6406
5047
5005
14616
11956
9621
10237
10865
6740
13525
14728
8934
10630
12808
12754
4085
11704
2697
3103
3183
12453
7871
8222
14525
6265
7275
5030
8623
8395
12090
3807
3623
14274
8756
13786
800
10889
12647
13812
9829
4605
2302
881
9726
14260
10688
11423
1517
11510
14419
4773
9309
9148
3800
7867
7097
13284
9331
11091
10982
819
1077
2885
13687
8520
3953
1819
2670
1962
11084
10537
12554
494
13025
977
11431
5025
9305
7777
4525
8357
8978
6321
8437
1717
7414
14746
2575
6966
14946
5991
8681
4648
3750
1147
12826
3877
12135
9356
14726
4484
10055
10881
9332
9152
5670
5930
10068
3039
12220
14347
7729
14906
8414
9183
5904
3412
11781
11562
2
13004
12772
14882
183
2011
4332
7622
9675
5842
10430
8723
9592
12094
10158
2972
4208
12974
8556
6830
4921
11201
11265
9454
8679
11259
13178
13782
1086
11355
13551
3838
6131
3006
4761
3041
12798
12812
13973
12511
11033
7877
12170
5326
8019
9067
12770
499
10716
9165
798
2667
14578
14738
12100
8438
14270
4046
3921
522
3672
13113
5388
7929
7475
782
5844
13649
6842
10122
4205
4637
12046
3256
8230
13410
11683
9950
7011
12658
9880
9739
7628
11224
10017
205
2337
8997
1522
7538
3227
8991
4276
2120
9896
9922
9513
8354
5121
10533
1269
13092
147
5773
4034
756
5177
6018
9325
8900
10505
12068
6345
8383
3940
5775
13196
14195
4950
9901
1584
12788
8081
4171
3003
596
10037
14923
12174
842
9935
6974
523
11474
11554
9979
12406
9850
1741
9643
13119
14638
8190
11644
9217
1235
400
10567
2485
3355
11716
203
12861
1665
10014
14213
8662
1676
5794
12290
11402
10557
14426
10748
520
1846
7106
2312
12546
9843
2876
9904
1400
9425
3884
11877
8880
3390
3290
2327
2017
12088
9506
14845
13948
3597
9363
9688
986
14922
13248
10595
2999
7907
4887
13355
10101
3858
717
3332
343
6438
407
12260
1831
2593
7962
5556
7552
9407
5852
2130
12983
11742
4777
8707
9790
8534
384
14200
12181
2269
5740
14898
9135
1505
13254
7632
2346
2377
6901
6866
5182
12487
11864
10676
2232
1276
13997
3071
8382
6068
8974
4313
10226
12636
549
3419
14775
8249
1402
347
4733
6184
7318
6417
2462
989
5498
12284
4521
11527
9648
2290
2592
9817
12362
2607
11024
14564
14587
4797
10452
2226
14708
582
5173
3171
5077
10773
10603
14107
6310
1939
11783
6632
8807
6062
6998
3495
6971
12530
807
5294
450
12249
8757
4145
1036
820
3767
8904
14551
14055
6109
4755
8750
12706
8049
4277
3827
2403
6999
11331
12646
13651
2825
13179
7118
935
10332
11257
8231
4851
5486
6647
14664
3379
6555
6756
8589
6927
13063
1356
11575
3646
5723
957
5154
14593
6672
6046
8152
7913
9517
6869
13391
10306
4168
7268
5763
7986
6746
4789
8064
3000
6254
11326
2800
7906
2263
12301
8808
4741
6145
7661
5767
4502
9026
6658
6178
2845
1744
11292
12400
2934
6548
11362
8431
13403
3280
13642
2887
11275
2212
10862
11684
11740
13939
5981
4395
11315
10029
7488
11450
14494
2019
11788
5956
12129
13966
887
6312
14037
11793
11028
10757
14788
7214
8115
8793
6249
10376
14362
6381
3874
4460
3701
14753
2844
14757
8451
912
5638
9931
2980
8797
5343
13052
9008
12733
10380
3671
13168
4431
1782
14152
170
11615
5402
9700
6678
2032
10283
11602
14015
10685
13929
9782
11346
2765
2080
11782
5668
10714
7833
11208
10495
8351
14725
9307
13042
1552
2165
3200
4239
4404
5711
3163
789
1705
7455
12680
8955
162
4507
1639
3762
3889
11875
10550
4407
12139
10717
1406
4246
3162
146
11097
10203
8862
8719
11419
5510
6565
7584
12565
12350
11942
1810
7977
13170
14770
11521
14722
4102
851
11337
7024
2603
8172
5178
10770
4029
3118
5389
3272
13112
5446
3007
7356
10003
11674
3449
12637
1533
12644
5707
7
9576
5285
4791
740
1282
4836
9583
9807
1550
9670
11523
13359
8617
11968
4975
14340
6858
14211
9476
3121
3871
12649
10389
6654
11828
604
2101
3031
6788
12056
14865
5455
4600
12956
3538
711
12246
4114
5734
12373
6396
8028
3845
7599
8611
14434
12696
7549
4128
4859
5671
13047
9757
176
5115
5906
9854
7010
12856
7495
14793
3024
5772
7204
10329
11526
776
7999
9864
8743
362
3771
1060
11697
2054
5821
13296
1609
4023
9974
12572
6819
13975
622
13667
455
10521
11748
1360
7557
2642
8223
317
7932
4927
5607
12361
10759
1012
14243
8986
6483
8574
7034
624
5251
10575
10096
2768
5405
3189
8317
12721
14875
13690
8444
3779
417
5070
215
14700
1098
14486
14239
581
7053
14484
5885
14652
20
12748
10729
12623
11148
12131
10232
5094
6408
14440
682
7212
11848
11983
10473
12578
12622
9376
10591
11717
6157
4607
11358
5412
122
3338
11489
14453
7239
13476
3822
1951
2530
13503
1101
5722
1922
8413
396
9971
14013
5268
11312
8833
4291
9814
5988
11108
3107
365
915
14369
4911
6748
14129
13455
10281
208
8248
2172
4798
6383
3389
7347
9666
7330
14033
4155
4971
9818
9333
2591
7081
7531
3780
4092
336
5572
1694
3650
6946
8132
459
13417
7264
2354
11571
2217
7659
6255
6923
3320
3341
9732
14537
9696
5545
9242
2325
12038
2830
9150
8135
10641
3233
860
10538
3223
12569
9466
1611
3460
3314
13908
2955
7762
2692
13470
13381
6507
2399
7202
10469
4035
2987
9043
6894
6734
10628
12208
8675
13765
10864
12041
3498
11166
1878
353
10113
9341
14127
14528
2755
278
14432
12786
14887
12176
14130
9819
901
5829
6926
9412
8571
5872
3677
10076
6917
9747
9778
6631
11746
8484
13365
4795
4724
10940
9059
13180
7297
8659
3374
7088
14684
9261
10931
439
9410
2427
8550
2029
8906
1087
8112
1136
12344
4323
3147
11495
6426
12887
9768
11744
5262
7823
2044
8440
5709
8334
9705
10974
6093
2024
11436
796
6989
11207
1828
9760
6767
9419
4149
13100
9479
1914
3866
14119
8593
12750
6625
10224
13679
9725
9155
1231
5573
1959
2649
7702
5628
6422
12133
265
1895
11338
3370
14692
13235
7635
3586
13091
10276
12265
1945
12357
3883
9633
4088
14272
5786
10821
2600
13102
2005
14699
1818
3744
3907
11157
6513
10251
8472
8487
5994
13868
1549
8962
12473
10697
12396
13605
7248
7445
12228
5689
10995
2984
1090
5708
11985
22
13502
8123
4485
562
5311
9193
5004
2470
9093
301
1108
10879
7760
2995
3923
423
11176
1023
12089
13441
8987
315
12481
2289
5355
8678
4328
4980
10565
13290
1
4375
1489
7158
12229
8188
3334
2258
13134
768
4994
8541
10915
7952
12399
114
13096
4846
12639
4646
8575
4801
1730
13805
12711
4147
8290
9662
7919
8133
2937
11884
10658
9461
6930
12032
9909
8411
2879
2092
9252
4563
7035
4138
1379
681
2249
10828
5933
2241
10949
14008
12520
11626
12678
3768
6290
6787
6510
1621
5133
13941
3229
3470
4843
10728
5717
766
11991
13740
10093
5685
129
7127
5574
13461
5138
6630
1428
14590
3311
13634
14864
11053
6456
7174
11179
4309
6557
6005
3930
13890
6955
5608
8358
13451
6700
8605
8560
3254
1288
1706
9271
7294
5729
9207
12524
12185
13347
7745
12494
7329
8501
980
11916
13520
13380
6304
7128
8288
7044
12523
6364
11804
12712
9645
6792
2836
9524
2094
5620
5525
7105
3126
4174
3442
11004
11288
11127
3839
7694
1026
2067
1693
14796
12510
10244
3067
9800
9118
4070
9373
6475
7057
8729
2512
616
12507
6213
3787
9704
3624
7896
4473
4224
10875
4947
247
10103
6203
12037
13841
12252
2190
12806
8309
11116
3476
1427
2421
4649
11920
10638
14174
5492
8510
11723
1920
228
7811
8822
3063
9036
9494
949
8547
8459
10088
6183
14361
7479
3247
2550
13286
3756
6612
11639
11093
2545
3895
9251
3813
3315
1302
2468
14540
7386
6610
14101
8460
12072
14226
3375
3673
4666
10125
10608
13710
7697
10727
14509
2415
6777
9885
104
12749
12736
8059
13494
2105
14006
12375
4782
14082
6445
12244
875
2390
8956
11646
2534
5249
5090
10825
12398
1990
7633
7059
5299
12514
11065
10917
9116
4916
1557
302
11822
2529
7018
5413
4730
6344
8524
7827
9852
1445
11950
14140
5230
2271
178
14838
5127
12286
14830
6019
2073
14482
9318
3289
4446
3997
10897
10323
3413
1361
10094
7656
9297
13897
736
4570
1866
12724
14019
14261
7791
12324
4957
10914
12175
8183
6703
7111
4925
11089
229
6356
1114
1936
14390
4472
13736
1477
4949
6571
5592
2873
7403
5629
2117
13423
11752
8864
8726
2171
14892
9346
14250
9167
11937
5048
9606
7441
7542
13655
7216
13489
11732
5841
5229
1110
8093
12537
5833
13554
13368
12311
9661
2567
282
13111
6008
5142
2960
9534
9350
11082
8322
6135
11699
599
6271
7859
3069
3297
10077
968
11479
4218
9816
7007
10882
12605
12112
3631
13404
8543
8928
4677
6624
8258
1935
9441
12414
884
13031
4880
5430
12092
4928
3292
2286
1065
14697
13797
10673
11777
11112
6110
461
7843
2792
13767
4285
5706
11606
6217
7147
7074
10726
6477
12837
1275
8627
4458
7051
4814
12708
12336
7312
10343
4907
9399
1754
1713
14550
1913
11924
3008
12404
10935
9302
6440
2641
7782
4151
10771
7865
10670
1735
5434
5369
1035
1657
4118
163
966
13530
4743
7412
2950
9475
2654
9679
6454
7761
4426
5209
12730
13222
9164
12058
6478
7510
6000
8482
12632
12445
1453
4621
14530
14516
813
11408
3120
1447
4490
12864
5952
3692
8018
1411
10648
12543
8739
13951
11997
9804
2188
7467
914
11895
13260
13919
1524
9423
1963
13289
9941
10450
1076
9572
10642
12459
14646
3557
6232
9649
12034
14499
3493
904
4931
9230
211
10570
4500
4553
435
5837
8085
12868
8225
4302
3551
9999
14794
7171
8087
10970
3472
3984
14062
4817
3014
12402
7449
2973
12536
3875
2048
4625
3456
516
3798
7569
9440
14112
635
14232
6899
5569
2497
13921
973
12380
12883
14477
3733
590
13333
13080
5957
14404
877
5032
5024
13517
10020
4400
550
12809
5324
4478
2817
5191
13661
12802
30
1107
9555
13251
6182
2659
5664
2350
9370
1809
8704
9713
5792
11993
5800
12218
14203
6193
12867
1296
3085
9706
2648
5642
5594
11360
6004
4917
12627
2198
9599
429
13630
8479
1973
7429
9641
3552
5770
8204
6669
8982
5084
8827
3220
11550
14149
3281
13011
6503
11019
2651
3260
13468
1256
13702
1064
9734
1917
598
9729
5370
1923
13258
3757
7456
440
9724
9945
11062
5321
8963
11745
6651
4196
579
7213
6022
14059
6941
14215
4934
8523
11153
14189
7489
3150
5922
1971
1320
10399
4781
14709
13618
1205
8945
8823
10934
9866
10796
14880
6235
13313
6704
3569
5265
8668
4122
5383
4510
2848
3539
9198
5423
175
10827
8596
12921
3846
1995
2758
1341
11237
1357
9892
13416
13357
8365
11640
666
6058
2280
8109
845
3241
2177
9701
3011
9379
2952
13041
1540
3763
1345
5313
5699
14544
5122
2445
14416
9314
653
6916
1883
10640
1680
12082
11589
4006
3958
1578
10822
10092
5377
12539
3133
1325
2622
7291
4143
2708
2062
14450
5362
305
5200
13059
13620
10747
14783
10058
11032
1666
9247
9894
2023
6306
6025
5428
6640
5411
6404
13337
11387
4822
1633
7079
1043
6064
898
4204
12309
8895
13925
1770
5246
13538
6210
7247
11135
14429
9178
14559
2506
1011
14554
1378
10186
1298
13315
13672
13181
13157
14715
3411
53
4571
3706
4783
774
10703
10043
12876
1312
5732
3901
1998
6638
14138
4339
5381
13274
9799
4883
7055
12149
8169
13976
8863
3863
12159
4920
14231
10273
8995
1600
4542
734
4823
8386
2131
12451
3057
6089
5466
9918
4091
8404
8564
13713
11106
13425
7089
3081
501
10534
7719
13689
10156
5548
2740
8599
7815
10416
14399
2571
10509
12959
1057
1460
9014
3447
13794
4593
13727
13421
8841
8454
5148
7450
925
6371
14674
9865
7282
13581
6670
2479
4018
5784
8658
14821
14328
11398
6053
12409
1677
13542
14942
10816
4506
7834
8488
7432
586
11366
2520
817
14025
1281
14618
9258
12225
4618
5546
1708
6405
1170
13539
12408
9077
3237
3360
2452
1857
7153
615
632
12671
13863
839
8457
1330
11456
3805
2379
2981
10318
10780
4740
2463
219
9759
2711
543
7862
2261
9740
10992
1151
1458
6389
11870
3148
8708
7379
1888
2709
8075
7677
5420
5232
3969
10530
7603
10932
11736
6907
8291
5650
236
1567
1146
7995
6067
2336
9917
2872
14187
13146
7151
10311
3073
12651
13874
354
7049
9447
11188
10918
11772
4360
11447
11894
6342
11755
9324
9567
1938
462
6010
755
4936
14913
434
1149
5171
9064
6501
12872
10755
3679
7711
14069
2356
10325
80
7474
12358
4049
6833
7795
6673
13230
13608
4897
6855
10599
10594
14179
8985
13637
12796
378
1924
1352
8027
1681
12044
11452
9303
9110
11480
7215
10501
7598
9294
1894
9195
11042
8015
28
14312
9507
172
827
8604
102
3920
6410
602
13981
14566
5161
6331
5782
3329
5715
13657
8970
12997
9691
8646
14658
9797
13872
10571
10500
8689
5449
9793
2082
1251
12241
6827
5920
9785
4217
3005
3273
13209
9947
3509
1751
6082
2123
9270
2833
7559
9855
9362
6512
13345
9780
7515
14591
10844
12951
6278
2496
9283
9031
695
9482
4262
13880
646
4098
8706
10347
11440
13621
6964
795
4194
11133
6236
13189
1139
13460
11421
14784
8551
12679
7883
4499
1728
1748
1756
2508
13147
4077
14225
1373
8885
7514
14718
9811
410
4977
4739
222
4944
9143
8110
1506
2919
1582
7117
8263
5937
1903
3478
7708
3397
244
285
11196
14049
9075
8919
5483
8903
12683
3035
8559
4877
11756
3978
391
3410
6421
11687
4043
388
2457
9121
12542
3373
10707
11167
271
6529
4385
8212
12871
3479
3975
3939
8276
5295
3401
14422
1145
14042
3304
7149
13806
5751
11303
3350
7196
4993
11625
14633
5347
1631
8037
14353
13522
4853
1817
9310
9712
687
11354
3516
7498
9471
11643
5447
186
5813
6428
2522
13878
9474
2922
9098
5588
4964
4804
9952
12077
13980
5983
11652
12062
4409
12233
5225
6933
3046
7303
10303
3500
2335
14212
12366
10860
14064
5530
9693
11365
11519
10520
9002
6675
12719
834
754
11883
7217
6065
8177
14177
9961
7958
9182
14445
6873
1192
9493
11838
8462
3316
9736
2299
10181
7546
12857
11319
1481
4156
2618
8020
8745
2969
4132
492
4105
3847
6882
6778
2022
7228
1956
529
4902
13597
7820
4981
5322
1297
4647
10216
7306
9916
10919
5869
6886
9016
3446
9600
4487
2156
9738
3134
4820
720
558
11448
10346
5616
7390
9478
11118
11424
132
3448
376
8509
3709
5283
5506
1712
4461
12585
1372
2678
14459
9259
7370
10319
9021
8324
3862
4645
3083
9172
5507
985
381
7894
13475
4344
1117
14754
3077
9748
6439
4250
1559
5489
3246
5804
6395
8047
4575
4062
11001
11299
9930
731
13821
9279
7615
6506
13658
3830
2636
397
14137
14265
9520
2108
13285
1786
12643
11251
7602
8218
14680
107
8493
7182
13954
5002
5873
389
10018
11794
10709
8035
12932
13145
5589
10015
865
9495
9427
4861
4873
6534
2334
7808
14489
9229
5606
8143
1423
659
1252
12497
6519
727
1575
625
7423
11852
422
1189
3191
7553
7835
1467
14624
823
14145
14785
995
12019
3626
2260
14367
4447
11832
4547
10774
7532
9544
2832
2662
5615
428
14166
10832
485
7123
6462
4729
2797
5189
13904
11825
3530
2164
9464
11266
10751
6027
3194
10804
13136
9611
1841
9468
560
10424
8643
3789
8927
14386
8342
13115
14407
8275
8272
3274
14515
2737
11978
5882
7405
4586
14693
7308
5599
3
3665
3705
5186
10045
5468
4838
10813
484
14869
2702
3922
11879
14487
93
12250
1367
3640
4162
5029
8800
11869
14750
2251
1617
12545
6773
3938
9622
4821
9568
3001
11517
11217
9378
9851
2417
4317
10066
14514
11765
8245
7612
3104
12916
14826
10460
480
1466
14507
3693
5082
4988
13032
11604
14713
8595
3287
3060
4997
10212
11078
12624
8469
8778
11641
14614
3296
4480
8162
10140
10119
2850
2801
4656
10108
12368
12587
2608
3903
10553
13317
10208
12687
10339
12889
8655
4758
2213
12171
3511
10162
7886
8009
5439
8585
11542
12739
8388
14599
14241
563
4577
14267
11021
421
12955
5055
5604
10597
1095
6449
2041
12901
441
11146
3429
9981
7756
9188
14160
5928
4163
5293
10476
363
7388
14936
3444
5357
13648
7592
5586
6888
12652
9385
14935
6868
14118
6754
12533
9847
4071
10447
12892
1508
12744
13206
8602
14840
3972
8603
1638
4623
7860
13152
11691
1397
4256
5941
4095
4780
3588
5104
1150
6587
13632
4661
10150
7437
7838
9157
13310
2516
12846
14763
14437
12319
4275
7235
12532
10219
1156
1201
14476
2993
7091
3982
10971
1815
2015
6656
13212
14705
5802
453
9607
81
7222
14495
12021
5923
14679
14461
12385
10007
4530
10268
814
6994
1985
12394
5317
1274
12387
10598
13312
8667
7949
3721
9957
329
13928
5508
8749
7586
14433
8297
13709
6728
5043
5718
6273
13101
1568
7112
9932
11349
8844
9587
1814
12347
11563
8937
963
10324
4581
6412
10963
9834
3059
6948
2958
8914
7665
14000
12742
12132
10079
3579
1020
13191
6021
11098
5126
2214
14388
479
9402
14851
13564
12550
11907
7466
11247
495
2574
692
4308
1420
9097
7029
4922
12471
5617
9976
5044
10413
10432
7434
3680
12458
12767
7465
4066
4410
7008
13435
9267
1709
4708
1384
10985
298
12785
14048
9612
4606
1133
6687
13644
4051
4371
6622
3783
6196
11242
605
706
10454
9078
7733
6432
11764
12689
4717
4541
4444
13899
11926
55
12263
2150
6051
3415
9878
3091
9773
1740
12463
3823
9023
11370
7317
4704
8676
5325
4549
12047
4982
6319
6961
1816
3643
13279
3546
11441
11168
8868
14357
10636
6552
6375
4266
4608
2055
4834
4284
7324
6096
4941
13161
11306
156
7344
2908
6528
1415
12113
9933
6066
5214
4702
3629
12690
7837
5363
1594
628
6840
3932
7067
11599
1218
4748
2577
251
13527
10338
4119
8066
12155
2441
14305
5494
8641
1868
5400
7788
325
3455
2946
9594
6897
11220
11537
5354
7982
10667
4141
2533
10946
14442
3825
4026
12297
11263
3853
11045
10997
5752
4457
4020
571
12316
13933
12910
11095
1874
6648
9136
13504
6136
10802
8499
14024
10622
4464
601
1804
9044
2751
7984
4895
9134
9368
6560
2811
5166
6259
14767
13034
14209
6218
6583
1851
1865
7579
2563
5862
10133
1635
11593
8107
11635
5238
11799
1038
2731
12006
5208
5568
7794
5010
11919
14707
14092
12528
14915
11382
13046
13565
5584
9488
2604
10256
2788
7888
4261
1442
7238
3215
5979
12824
11457
7988
12656
7145
804
12410
9281
2040
11280
3313
5511
10217
738
14366
7199
12395
4799
13566
6247
7366
8860
13572
12449
836
4610
11835
10368
13731
4945
10206
12377
2395
10041
4483
9189
3138
13314
13669
6514
6580
9586
12096
1413
8625
1555
6486
7269
7630
5681
7570
14735
10581
4226
3608
9144
12885
12161
14774
2288
9813
464
5181
8938
11483
4956
14073
508
11241
5462
14786
1623
6789
13464
6782
10213
5482
4960
728
6090
6715
12631
8335
11650
6771
4871
2314
11377
4082
6817
1334
2842
3804
9710
5587
8355
3062
8259
2590
14163
5425
7119
6239
12214
11874
761
5408
10391
9285
14098
1721
14531
4367
14635
11406
14606
2408
5666
10445
6015
6906
13932
6818
8518
5971
4249
8990
12279
1025
7625
5808
10836
8410
9827
1088
13053
4736
14766
4809
5036
5580
1327
3684
6851
2404
9765
3383
5736
13003
13638
14297
8181
447
6155
5967
6849
2776
11352
372
1577
10643
8214
8281
7923
9667
7967
11401
1542
3950
10838
11914
6299
11343
5158
11896
1926
14014
7790
1822
1225
5368
9685
8124
6570
6452
12691
13986
3366
11815
11233
9387
14194
9948
7242
7688
3417
11560
74
1355
6934
1127
4961
4685
7517
11982
11749
13627
2504
12791
9265
10625
14631
11369
5665
56
13172
2018
8131
11203
14074
9963
2766
5290
13009
7340
885
4220
9874
5386
4519
2828
677
10866
8065
6138
9293
9383
8108
6602
4439
11195
14021
10421
3167
5346
2606
13760
3232
4615
4986
2721
13832
7698
2964
6725
12884
4075
660
5065
7310
13370
6674
5332
8198
13303
11301
942
14613
12761
13926
9166
7015
4775
6943
11806
12063
10106
13989
8802
9888
651
11058
1980
2965
12446
4881
923
2061
591
1502
6335
6665
7523
2192
11566
13817
10790
12211
6921
13849
12000
13325
12475
3747
7885
1520
4221
6918
8302
4471
248
5961
5820
3239
10357
5916
8492
4749
9240
5444
309
13732
7968
9492
6967
1714
6707
13236
7251
4835
12024
8508
9099
2410
4564
4087
14207
13383
8298
11955
6997
14850
13360
13811
5646
7384
13232
11762
4331
7260
12613
14452
11501
9991
7712
5947
14686
7920
11966
9787
10543
5649
3087
2535
13148
14648
2578
11569
5532
7545
8888
4979
2859
10699
5839
10900
891
4557
6988
10227
2557
13531
12468
2300
13625
8977
12478
13910
13143
5686
10235
13348
13512
12710
5087
8003
5485
7377
8694
7654
10783
3265
75
1358
4286
5409
1530
1875
876
4720
11627
6861
10387
12804
5675
3240
1699
14899
8697
8002
10489
7638
11068
8367
6411
5417
14620
356
697
9316
12773
6761
2742
5987
3088
3879
14904
14184
11
908
12745
7137
10032
9420
6148
9910
3535
1440
2761
3044
5291
4908
7211
8151
4591
13140
3896
4236
14201
5303
13321
620
13135
11728
340
11455
13405
7787
2750
13200
597
11184
3124
9159
9699
5429
5954
12106
14557
11506
11917
2682
13521
8000
8721
13188
1811
11485
11891
6644
11107
2656
6585
6024
10586
39
9238
4164
5364
405
160
14271
2184
1222
13870
1238
7070
7179
7326
3567
6958
1135
1976
11494
7440
6843
4253
5335
13037
2282
4842
13318
4750
14690
9278
7875
14724
6915
3488
2486
1228
9137
7535
2569
8445
3249
10361
1113
6161
4522
2647
14672
12283
2909
9047
10240
5201
12001
2259
5888
3596
4670
7471
3055
1566
9953
2388
9091
2695
6415
10953
36
7022
3595
11102
7165
14373
13907
11860
3529
8855
4923
8638
4765
6229
5463
13558
14919
8881
9571
12560
4321
6844
7066
13602
10937
10939
1516
3159
11583
6977
47
3730
5086
9405
9997
7136
1242
12097
3180
11171
10129
12071
9610
2137
10906
809
266
1942
7822
13659
5244
8016
3913
5783
4012
12064
5123
7819
5669
1789
11607
7725
7817
6820
8899
12702
1583
14089
8720
9907
135
1592
10723
11155
6160
12944
10064
4754
12015
12784
8553
3306
2700
14902
12352
7120
8155
8768
9565
10100
2781
4991
5504
13409
7360
2197
11656
14835
10663
1512
5555
4509
8180
9653
757
2986
5391
8057
4042
1122
7290
1794
14773
5476
6188
14934
1284
4021
6468
12031
14178
6214
9001
8452
436
4664
5803
1377
10407
1137
2683
6706
12102
11438
13545
13792
7720
2200
8811
3181
12819
13377
213
3918
10478
6471
927
5512
12942
7773
2386
4167
3527
11374
328
426
2293
7447
13014
12950
13995
8166
7363
5528
8100
14497
1975
10873
5562
2001
11482
13282
14300
11003
2942
9005
10573
10183
665
5501
11035
3560
2869
678
13772
1219
5228
6164
13839
14488
3734
14581
630
7775
6252
11022
14483
1307
1905
4705
13724
10624
6702
6596
2927
11304
5193
14378
11314
3094
11817
9094
11670
14797
4011
3157
7987
14444
12420
14867
7062
790
7802
7191
4778
14500
11413
5451
12254
1590
7485
12123
10651
11953
4512
13688
8140
3139
8512
12219
2004
3632
182
4767
8227
4745
5226
6341
7220
8192
6736
12433
10294
2444
13962
14642
9580
10909
13712
1268
573
654
13243
481
13714
1646
690
13293
12274
14100
3381
6835
8544
7583
7945
207
9499
13722
5134
9717
11757
279
12095
11189
10434
10750
8788
262
4864
8738
7071
6864
1765
6285
7857
14849
366
13431
4130
5459
13789
6956
4274
14379
9833
13660
12023
11115
1324
4560
8234
10633
6636
14503
8976
4160
11332
7560
12070
639
4475
13369
1441
12438
4885
12609
9254
8872
3754
1630
9125
3489
